#  select yearweek(added),count(distinct(ip)) as visitors from log_visit where added >= '2014-11-21'and page not like '404.php' and ip not in (select ip from log_filter) group by yearweek(added)
#  select yearweek(added),count(distinct(ip)) as visitors from log_query where added >= '2014-11-21' group by yearweek(added)
#  select yearweek(added),count(distinct(ip)) as visitors from log_quiz where added >= '2014-11-21'and length(query)>0 group by yearweek(added)
0 203 24 92
1 387 130 102
2 514 76 276
3 399 60 157
4 411 68 37
5 335 100 44
6 273 102 10
7 284 99 19
8 371 103 17
9 320 97 14
10 346 111 16
11 350 136 19
12 344 106 13
13 431 120 14
14 406 98 13
15 410 100 10
16 398 107 13
17 391 65 4
18 384 66 3
19 414 95 8
20 439 124 13
21 985 204 243
22 877 166 123
23 645 155 165
24 564 127 48
25 571 149 39
26 519 148 48
27 591 124 49
28 443 99 24
29 469 138 30
30 445 153 17
31 696 169 20
32 425 127 21
33 367 108 13
34 338 101 13
35 412 122 13
36 343 113 13
37 355 129 15
38 447 152 34
39 362 98 12
40 431 149 16
41 323 117 9
42 361 121 12
43 447 148 13
44 397 133 9
45 406 132 9
46 440 134 12
47 427 130 9
48 606 137 17
49 521 136 19
50 523 156 18
51 595 176 29
52 459 168 16
53 504 157 9
54 498 184 14
55 417 142 7
56 441 159 6
57 424 120 7
58 426 135 4
59 432 148 7
60 574 170 8
61 452 185 10
62 455 164 10
63 468 186 9
64 449 182 10
65 449 157 5
66 463 154 8
67 510 150 33
68 615 186 7
69 479 195 10
70 416 185 10
71 457 202 9
72 430 171 14
73 492 224 11
74 576 227 47
75 741 207 29
76 500 191 17
77 524 227 23
78 397 172 14
79 473 204 3
80 605 240 9
81 496 219 11
82 422 170 6
83 491 195 6
84 467 216 8
85 422 212 6
86 464 215 6
87 465 192 4
88 452 214 7
89 484 198 8
90 620 204 5
91 750 213 8
92 810 261 6
93 759 244 9
94 656 229 8
95 579 251 10
96 601 236 9
97 618 255 6
98 676 298 14
99 668 238 15
100 648 230 12
101 665 223 7
102 650 221 3
103 766 270 9
104 748 299 7
105 810 262 6
106 1250 260 11
107 1449 241 3
108 1755 295 13
109 1840 266 7
110 2075 273 4
111 2485 276 8
112 2808 296 14
113 2970 379 9
114 2706 376 7
115 2446 345 6
116 2659 401 33
117 2634 396 18
118 3180 422 18
119 3307 460 16
120 3027 403 14
121 2858 397 5
122 2769 493 5
123 2552 460 15
124 2442 528 8
125 2415 501 9
126 2156 480 11
127 2059 517 9
128 1850 469 16
129 1927 462 9
130 1934 452 8
131 1942 430 6
132 2031 402 4
133 2064 453 12
